Easy:

560000470409360501308510200045090010032751000100002307010905700007130046004000000

040830500000045030500106004000004060287003059069000381092070105805020073730000098

042005006197000040560400109801300260900071450003256000005032700004590600000760080

060200001053980600700613000096308000500409003037501028640000157820740000005106000

503200100006007802100300705351002084007040610460801000000008561002415070805060000

Hard:

070000000804090070000000000080030120030700460200100300300470080000510000907600000

029003008308040610700020000002000030000000100006000820800610000007800300000400900